
Iteracion 0
Seleccionada
(0,6)
Mutaciones
(0.96677,2.1008)
(0.048786,5.7585)
(-0.56404,9.1383)
(1.4812,0.78801)
(-1.6693,17.133)
(0.65507,3.1538)
(1.2121,1.4087)
(1.7435,0.32225)
(1.4788,0.79275)
(-0.81962,10.77)
Seleccionada
(1.7435,0.32225)
Mutaciones
(1.8609,0.1584)
(0.88381,2.3621)
(1.5402,0.67114)
(1.0576,1.8306)
(1.7273,0.34708)
(2.5134,-0.24982)
(4.9766,5.8836)
(1.6414,0.48712)
(1.0266,1.9209)
(1.8351,0.19206)
Seleccionada
(1.8609,0.1584)
Mutaciones
(1.7851,0.26104)
(2.1468,-0.12522)
(0.99688,2.0094)
(2.0936,-0.084803)
(3.5564,0.866)
(3.0274,0.028125)
(1.4373,0.8794)
(2.2527,-0.18884)
(-0.16488,6.8516)
(2.3713,-0.23343)
Seleccionada
(3.0274,0.028125)
Mutaciones
(3.5305,0.81201)
(3.1888,0.2244)
(1.1583,1.5501)
(3.3678,0.50316)
(2.3501,-0.22754)
(2.978,-0.02149)
(2.7167,-0.20305)
(1.4565,0.83883)
(3.9437,1.8343)
(2.7035,-0.20858)
Seleccionada
(2.978,-0.02149)
Mutaciones
(1.6618,0.45255)
(3.8227,1.4995)
(4.8579,5.3098)
(5.8989,11.302)
(4.2755,2.9025)
(2.6886,-0.21443)
(1.7716,0.2806)
(2.6801,-0.21758)
(5.4597,8.5099)
(4.2931,2.9654)
 Raiz 2.978
Iteracion 1
Seleccionada
(0,6)
Mutaciones
(0.79624,2.6528)
(-0.50316,8.769)
(-0.084611,6.4302)
(0.97996,2.0605)
(-0.1601,6.8261)
(-1.5929,16.502)
(-0.43288,8.3518)
(-0.26859,7.4151)
(0.86119,2.4357)
(-1.1715,13.23)
Seleccionada
(0.97996,2.0605)
Mutaciones
(1.4995,0.75094)
(0.28775,4.6441)
(1.2354,1.3493)
(1.9981,0.0018641)
(-0.88159,11.185)
(0.36122,4.3244)
(1.911,0.096906)
(1.2178,1.3939)
(-0.13055,6.6698)
(0.66469,3.1184)
Seleccionada
(1.9981,0.0018641)
Mutaciones
(0.071649,5.6469)
(2.0818,-0.075122)
(2.4691,-0.24905)
(4.1273,2.398)
(1.7417,0.32504)
(0.97841,2.0652)
(3.4104,0.57877)
(1.4986,0.75275)
(1.7961,0.24547)
(1.6714,0.43656)
 Raiz 1.9981
Iteracion 2
Seleccionada
(0,6)
Mutaciones
(-1.372,14.742)
(0.26813,4.7312)
(0.89554,2.3243)
(-0.84073,10.91)
(-1.1662,13.191)
(0.49928,3.7529)
(-0.2648,7.3941)
(-0.50417,8.775)
(0.48393,3.8145)
(1.0924,1.7313)
Seleccionada
(1.0924,1.7313)
Mutaciones
(0.5636,3.4996)
(2.207,-0.16413)
(0.72855,2.888)
(1.2331,1.355)
(1.2197,1.3891)
(0.9878,2.0367)
(1.5502,0.65207)
(-1.6007,16.565)
(1.5153,0.71958)
(0.66538,3.1158)
Seleccionada
(2.207,-0.16413)
Mutaciones
(4.256,2.8335)
(2.8396,-0.13467)
(1.5727,0.60997)
(1.5751,0.6054)
(2.9274,-0.067333)
(2.817,-0.14951)
(0.86436,2.4253)
(0.91298,2.2686)
(2.1847,-0.1506)
(2.3076,-0.21297)
Seleccionada
(2.9274,-0.067333)
Mutaciones
(1.5914,0.5756)
(3.6102,0.98252)
(1.7055,0.38117)
(2.055,-0.051994)
(2.9085,-0.083099)
(3.3734,0.5129)
(1.7115,0.3718)
(3.499,0.74794)
(3.2742,0.34934)
(2.7191,-0.20201)
Seleccionada
(2.055,-0.051994)
Mutaciones
(2.2486,-0.18681)
(1.9416,0.061773)
(0.68263,3.0528)
(2.1214,-0.10663)
(1.2417,1.3333)
(2.8279,-0.14245)
(2.6554,-0.22586)
(2.586,-0.2426)
(2.2715,-0.19779)
(2.5142,-0.2498)
 Raiz 2.055
Iteracion 3
Seleccionada
(0,6)
Mutaciones
(-0.34379,7.8372)
(0.6538,3.1585)
(-1.9153,19.245)
(0.7758,2.7229)
(-0.17107,6.8846)
(-0.69304,9.9455)
(0.36056,4.3272)
(1.7453,0.31951)
(0.36247,4.319)
(-0.070327,6.3566)
Seleccionada
(1.7453,0.31951)
Mutaciones
(2.2496,-0.18728)
(1.7034,0.38461)
(1.2575,1.2937)
(1.105,1.6959)
(1.2161,1.3985)
(3.1216,0.13634)
(4.4147,3.4162)
(3.0043,0.0042763)
(-0.28411,7.5013)
(1.6401,0.48944)
Seleccionada
(3.0043,0.0042763)
Mutaciones
(2.1648,-0.13761)
(3.5887,0.93523)
(2.9111,-0.080978)
(1.9473,0.055517)
(3.9604,1.8828)
(3.7798,1.3878)
(1.7205,0.35763)
(4.1297,2.4061)
(2.9927,-0.007248)
(0.33218,4.4494)
 Raiz 3.0043
Iteracion 4
Seleccionada
(0,6)
Mutaciones
(1.6588,0.45765)
(-0.66049,9.7387)
(0.014824,5.9261)
(-1.2901,14.115)
(1.2976,1.1958)
(0.40653,4.1326)
(-2.3041,22.829)
(0.27735,4.6902)
(-1.3209,14.349)
(-0.073172,6.3712)
Seleccionada
(1.6588,0.45765)
Mutaciones
(2.3695,-0.23297)
(1.2904,1.2131)
(1.062,1.8177)
(2.3098,-0.21384)
(3.1898,0.22588)
(0.96054,2.1199)
(-0.92474,11.479)
(2.5711,-0.24495)
(1.8564,0.16425)
(2.1952,-0.1571)
Seleccionada
(2.1952,-0.1571)
Mutaciones
(0.2164,4.9648)
(1.7944,0.24785)
(2.8025,-0.15847)
(3.0304,0.031327)
(1.9537,0.048407)
(3.3019,0.39311)
(2.9756,-0.023808)
(1.4166,0.92369)
(3.426,0.60742)
(0.8596,2.4409)
Seleccionada
(2.9756,-0.023808)
Mutaciones
(4.7184,4.6713)
(3.914,1.7494)
(2.2196,-0.17139)
(3.5189,0.7882)
(3.4326,0.61977)
(1.4201,0.91611)
(4.6028,4.1716)
(1.3663,1.0352)
(2.2156,-0.16914)
(3.1978,0.23692)
 Raiz 2.9756
